timestamp_utc,airnow_pm25_obs_ug_m3,geoscf_pm25_fcst_tplus1_ug_m3,geoscf_pm25_fcst_tplus2_ug_m3,geoscf_pm25_fcst_tplus3_ug_m3,hour_utc,day_of_year
2023-07-01 00:00:00+00:00,13.5,15.708622455596924,22.41221618652344,30.96073118845622,0,182
2023-07-01 01:00:00+00:00,11.471428571428573,22.41221618652344,30.96073118845622,40.91216023763021,1,182
2023-07-01 02:00:00+00:00,11.942857142857145,30.96073118845622,40.91216023763021,51.64866495132446,2,182
2023-07-01 03:00:00+00:00,11.4,40.91216023763021,51.64866495132446,62.99096139272054,3,182
2023-07-01 04:00:00+00:00,12.200000000000001,51.64866495132446,62.99096139272054,74.3008623123169,4,182
2023-07-01 05:00:00+00:00,13.685714285714285,62.99096139272054,74.3008623123169,84.68735710779826,5,182
2023-07-01 06:00:00+00:00,13.700000000000001,74.3008623123169,84.68735710779826,93.97784543037416,6,182
2023-07-01 07:00:00+00:00,10.985714285714286,84.68735710779826,93.97784543037416,101.7847888469696,7,182
2023-07-01 08:00:00+00:00,12.757142857142856,93.97784543037416,101.7847888469696,106.75522994995116,8,182
2023-07-01 09:00:00+00:00,10.87142857142857,101.7847888469696,106.75522994995116,108.66532389322916,9,182
2023-07-01 10:00:00+00:00,10.257142857142856,106.75522994995116,108.66532389322916,110.58079886436462,10,182
2023-07-01 11:00:00+00:00,12.671428571428573,108.66532389322916,110.58079886436462,102.46768593788148,11,182
2023-07-01 12:00:00+00:00,17.04285714285714,107.07765658696492,105.15041669209798,97.05468781789143,12,182
2023-07-01 13:00:00+00:00,14.971428571428572,105.15041669209798,97.05468781789143,77.70606565475464,13,182
2023-07-01 14:00:00+00:00,18.242857142857144,97.05468781789143,77.70606565475464,48.25860834121704,14,182
2023-07-01 15:00:00+00:00,16.871428571428574,77.70606565475464,48.25860834121704,32.21726751327515,15,182
2023-07-01 16:00:00+00:00,19.142857142857142,48.25860834121704,32.21726751327515,28.286178747812908,16,182
2023-07-01 17:00:00+00:00,20.97142857142857,32.21726751327515,28.286178747812908,25.37086248397827,17,182
2023-07-01 18:00:00+00:00,18.75714285714286,28.286178747812908,25.37086248397827,22.30715839068095,18,182
2023-07-01 19:00:00+00:00,19.185714285714283,25.37086248397827,22.30715839068095,20.073322296142575,19,182
2023-07-01 20:00:00+00:00,21.885714285714283,22.30715839068095,20.073322296142575,18.11561568578084,20,182
2023-07-01 21:00:00+00:00,19.45714285714286,20.073322296142575,18.11561568578084,16.783177852630615,21,182
2023-07-01 22:00:00+00:00,21.7,18.11561568578084,16.783177852630615,17.079447269439697,22,182
2023-07-01 23:00:00+00:00,17.585714285714285,16.783177852630615,17.079447269439697,20.24869879086812,23,182
2023-07-02 00:00:00+00:00,14.87142857142857,17.079447269439697,20.24869879086812,26.884217580159504,0,183
2023-07-02 01:00:00+00:00,12.142857142857142,20.24869879086812,26.884217580159504,35.38113816579183,1,183
2023-07-02 02:00:00+00:00,12.285714285714286,26.884217580159504,35.38113816579183,45.75892114639282,2,183
2023-07-02 03:00:00+00:00,10.77142857142857,35.38113816579183,45.75892114639282,56.545532862345375,3,183
2023-07-02 04:00:00+00:00,12.028571428571428,45.75892114639282,56.545532862345375,66.97473112742107,4,183
2023-07-02 05:00:00+00:00,10.728571428571428,56.545532862345375,66.97473112742107,76.90030558904012,5,183
2023-07-02 06:00:00+00:00,13.085714285714287,66.97473112742107,76.90030558904012,86.6227315266927,6,183
2023-07-02 07:00:00+00:00,11.914285714285715,76.90030558904012,86.6227315266927,95.5068765481313,7,183
2023-07-02 08:00:00+00:00,15.942857142857141,86.6227315266927,95.5068765481313,102.33657868703206,8,183
2023-07-02 09:00:00+00:00,14.6,95.5068765481313,102.33657868703206,106.98076891899107,9,183
2023-07-02 10:00:00+00:00,12.742857142857144,102.33657868703206,106.98076891899107,111.4456226825714,10,183
2023-07-02 11:00:00+00:00,16.3,106.98076891899107,111.4456226825714,102.5650581518809,11,183
2023-07-02 12:00:00+00:00,18.2,98.6685136159261,93.53581802050272,71.85467529296875,12,183
2023-07-02 13:00:00+00:00,18.514285714285712,93.53581802050272,71.85467529296875,54.048434019088745,13,183
2023-07-02 14:00:00+00:00,20.099999999999998,71.85467529296875,54.048434019088745,40.27630090713501,14,183
2023-07-02 15:00:00+00:00,19.614285714285717,54.048434019088745,40.27630090713501,31.25536584854126,15,183
2023-07-02 16:00:00+00:00,23.014285714285712,40.27630090713501,31.25536584854126,23.687357584635414,16,183
2023-07-02 17:00:00+00:00,25.82857142857143,31.25536584854126,23.687357584635414,20.049524307250977,17,183
2023-07-02 18:00:00+00:00,22.24285714285714,23.687357584635414,20.049524307250977,17.4057195186615,18,183
2023-07-02 19:00:00+00:00,19.633333333333333,20.049524307250977,17.4057195186615,15.666934967041016,19,183
2023-07-02 20:00:00+00:00,16.628571428571426,17.4057195186615,15.666934967041016,14.156520207722982,20,183
2023-07-02 21:00:00+00:00,16.871428571428574,15.666934967041016,14.156520207722982,13.665948232014976,21,183
2023-07-02 22:00:00+00:00,16.357142857142854,14.156520207722982,13.665948232014976,14.123506546020508,22,183
2023-07-02 23:00:00+00:00,14.557142857142859,13.665948232014976,14.123506546020508,16.914926528930664,23,183
2023-07-03 00:00:00+00:00,11.100000000000003,14.123506546020508,16.914926528930664,22.111671447753903,0,184
2023-07-03 01:00:00+00:00,8.457142857142857,16.914926528930664,22.111671447753903,29.12910334269206,1,184
2023-07-03 02:00:00+00:00,10.071428571428571,22.111671447753903,29.12910334269206,37.91279760996501,2,184
2023-07-03 03:00:00+00:00,11.157142857142857,29.12910334269206,37.91279760996501,47.80186176300049,3,184
2023-07-03 04:00:00+00:00,11.914285714285713,37.91279760996501,47.80186176300049,58.10892279942831,4,184
2023-07-03 05:00:00+00:00,11.071428571428571,47.80186176300049,58.10892279942831,65.98863220214844,5,184
2023-07-03 06:00:00+00:00,12.785714285714286,58.10892279942831,65.98863220214844,69.67467228571574,6,184
2023-07-03 07:00:00+00:00,14.0,65.98863220214844,69.67467228571574,70.3244760831197,7,184
2023-07-03 08:00:00+00:00,14.228571428571428,69.67467228571574,70.3244760831197,69.44810310999553,8,184
2023-07-03 09:00:00+00:00,17.814285714285713,70.3244760831197,69.44810310999553,69.7138671875,9,184
2023-07-03 10:00:00+00:00,18.599999999999998,69.44810310999553,69.7138671875,74.19474252065022,10,184
2023-07-03 11:00:00+00:00,17.914285714285715,69.7138671875,74.19474252065022,76.74639232953389,11,184
2023-07-03 12:00:00+00:00,16.642857142857142,70.43459399541219,73.571426709493,57.738146464029946,12,184
2023-07-03 13:00:00+00:00,17.657142857142855,73.571426709493,57.738146464029946,46.3434476852417,13,184
2023-07-03 14:00:00+00:00,18.985714285714288,57.738146464029946,46.3434476852417,36.69856524467468,14,184
2023-07-03 15:00:00+00:00,20.985714285714288,46.3434476852417,36.69856524467468,29.055472056070965,15,184
2023-07-03 16:00:00+00:00,22.11428571428571,36.69856524467468,29.055472056070965,22.90707556406657,16,184
2023-07-03 17:00:00+00:00,20.785714285714285,29.055472056070965,22.90707556406657,18.70508575439453,17,184
2023-07-03 18:00:00+00:00,21.414285714285715,22.90707556406657,18.70508575439453,15.861882527669271,18,184
2023-07-03 19:00:00+00:00,20.642857142857142,18.70508575439453,15.861882527669271,13.859423319498696,19,184
2023-07-03 20:00:00+00:00,16.17142857142857,15.861882527669271,13.859423319498696,12.599138736724854,20,184
2023-07-03 21:00:00+00:00,15.685714285714285,13.859423319498696,12.599138736724854,12.18850326538086,21,184
2023-07-03 22:00:00+00:00,14.557142857142855,12.599138736724854,12.18850326538086,12.750656604766846,22,184
2023-07-03 23:00:00+00:00,13.057142857142859,12.18850326538086,12.750656604766846,15.23003077507019,23,184
2023-07-04 00:00:00+00:00,11.285714285714286,12.750656604766846,15.23003077507019,19.914024988810223,0,185
2023-07-04 01:00:00+00:00,11.214285714285714,15.23003077507019,19.914024988810223,26.02554718653361,1,185
2023-07-04 02:00:00+00:00,9.7,19.914024988810223,26.02554718653361,33.6333966255188,2,185
2023-07-04 03:00:00+00:00,12.357142857142858,26.02554718653361,33.6333966255188,42.89617435137431,3,185
2023-07-04 04:00:00+00:00,11.085714285714287,33.6333966255188,42.89617435137431,52.770650466283165,4,185
2023-07-04 05:00:00+00:00,11.442857142857145,42.89617435137431,52.770650466283165,62.0235169728597,5,185
2023-07-04 06:00:00+00:00,14.371428571428572,52.770650466283165,62.0235169728597,70.46296850840251,6,185
2023-07-04 07:00:00+00:00,13.814285714285713,62.0235169728597,70.46296850840251,77.9850902557373,7,185
2023-07-04 08:00:00+00:00,12.714285714285714,70.46296850840251,77.9850902557373,83.92112199465434,8,185
2023-07-04 09:00:00+00:00,13.642857142857142,77.9850902557373,83.92112199465434,87.90313839912415,9,185
2023-07-04 10:00:00+00:00,15.385714285714286,83.92112199465434,87.90313839912415,93.30870938301086,10,185
2023-07-04 11:00:00+00:00,15.5,87.90313839912415,93.30870938301086,81.6250352859497,11,185
2023-07-04 12:00:00+00:00,14.942857142857141,81.84018198649089,65.98266092936198,41.89517458279928,12,185
2023-07-04 13:00:00+00:00,17.3,65.98266092936198,41.89517458279928,27.902740319569904,13,185
2023-07-04 14:00:00+00:00,19.557142857142857,41.89517458279928,27.902740319569904,19.76012357076009,14,185
2023-07-04 15:00:00+00:00,18.82857142857143,27.902740319569904,19.76012357076009,15.830049276351929,15,185
2023-07-04 16:00:00+00:00,17.4,19.76012357076009,15.830049276351929,13.580647786458334,16,185
2023-07-04 17:00:00+00:00,16.557142857142857,15.830049276351929,13.580647786458334,12.289795875549316,17,185
2023-07-04 18:00:00+00:00,18.22857142857143,13.580647786458334,12.289795875549316,11.51723861694336,18,185
2023-07-04 19:00:00+00:00,17.500000000000004,12.289795875549316,11.51723861694336,11.19835889339447,19,185
2023-07-04 20:00:00+00:00,16.842857142857145,11.51723861694336,11.19835889339447,10.577041625976562,20,185
2023-07-04 21:00:00+00:00,17.3,11.19835889339447,10.577041625976562,10.50405979156494,21,185
2023-07-04 22:00:00+00:00,14.285714285714286,10.577041625976562,10.50405979156494,11.020502090454102,22,185
2023-07-04 23:00:00+00:00,14.114285714285712,10.50405979156494,11.020502090454102,13.768291552861532,23,185
2023-07-05 00:00:00+00:00,16.128571428571426,11.020502090454102,13.768291552861532,18.681137084960938,0,186
2023-07-05 01:00:00+00:00,14.571428571428571,13.768291552861532,18.681137084960938,24.6220490137736,1,186
2023-07-05 02:00:00+00:00,15.285714285714288,18.681137084960938,24.6220490137736,30.967491149902344,2,186
2023-07-05 03:00:00+00:00,38.07142857142857,24.6220490137736,30.967491149902344,37.403422037760414,3,186
2023-07-05 04:00:00+00:00,146.64285714285714,30.967491149902344,37.403422037760414,43.63784106572469,4,186
2023-07-05 05:00:00+00:00,136.77142857142857,37.403422037760414,43.63784106572469,49.19727865854899,5,186
2023-07-05 06:00:00+00:00,100.11428571428571,43.63784106572469,49.19727865854899,54.10947020848592,6,186
2023-07-05 07:00:00+00:00,73.2,49.19727865854899,54.10947020848592,58.93952067693075,7,186
2023-07-05 08:00:00+00:00,70.02857142857142,54.10947020848592,58.93952067693075,63.79964685440064,8,186
2023-07-05 09:00:00+00:00,58.92857142857144,58.93952067693075,63.79964685440064,68.77253874142964,9,186
2023-07-05 10:00:00+00:00,52.028571428571425,63.79964685440064,68.77253874142964,74.04390176137288,10,186
2023-07-05 11:00:00+00:00,59.51428571428572,68.77253874142964,74.04390176137288,62.88701248168945,11,186
2023-07-05 12:00:00+00:00,64.21428571428571,63.21318658192953,50.44611398379008,34.74033864339193,12,186
2023-07-05 13:00:00+00:00,61.628571428571426,50.44611398379008,34.74033864339193,25.976335922876995,13,186
2023-07-05 14:00:00+00:00,60.84285714285715,34.74033864339193,25.976335922876995,20.968133290608723,14,186
2023-07-05 15:00:00+00:00,61.32857142857142,25.976335922876995,20.968133290608723,19.09296576182048,15,186
2023-07-05 16:00:00+00:00,61.55714285714286,20.968133290608723,19.09296576182048,15.751200358072916,16,186
2023-07-05 17:00:00+00:00,63.042857142857144,19.09296576182048,15.751200358072916,13.895388921101889,17,186
2023-07-05 18:00:00+00:00,65.02857142857144,15.751200358072916,13.895388921101889,13.047982056935629,18,186
2023-07-05 19:00:00+00:00,52.37142857142857,13.895388921101889,13.047982056935629,12.556598742802938,19,186
2023-07-05 20:00:00+00:00,35.25714285714286,13.047982056935629,12.556598742802938,11.90699823697408,20,186
2023-07-05 21:00:00+00:00,24.214285714285715,12.556598742802938,11.90699823697408,11.558701833089192,21,186
2023-07-05 22:00:00+00:00,16.885714285714283,11.90699823697408,11.558701833089192,12.0035369793574,22,186
2023-07-05 23:00:00+00:00,14.042857142857143,11.558701833089192,12.0035369793574,14.661017179489136,23,186
2023-07-06 00:00:00+00:00,12.028571428571427,12.0035369793574,14.661017179489136,19.324430227279663,0,187
2023-07-06 01:00:00+00:00,13.457142857142857,14.661017179489136,19.324430227279663,24.627849578857425,1,187
2023-07-06 02:00:00+00:00,12.242857142857144,19.324430227279663,24.627849578857425,30.67797867457072,2,187
2023-07-06 03:00:00+00:00,11.757142857142854,24.627849578857425,30.67797867457072,37.19336167971293,3,187
2023-07-06 04:00:00+00:00,13.228571428571428,30.67797867457072,37.19336167971293,43.11427640914917,4,187
2023-07-06 05:00:00+00:00,12.742857142857142,37.19336167971293,43.11427640914917,47.80632603168488,5,187
2023-07-06 06:00:00+00:00,13.728571428571428,43.11427640914917,47.80632603168488,51.8198946317037,6,187
2023-07-06 07:00:00+00:00,12.657142857142858,47.80632603168488,51.8198946317037,55.949557741483055,7,187
2023-07-06 08:00:00+00:00,12.028571428571428,51.8198946317037,55.949557741483055,60.25499800841013,8,187
2023-07-06 09:00:00+00:00,10.385714285714286,55.949557741483055,60.25499800841013,64.53938965002696,9,187
2023-07-06 10:00:00+00:00,11.657142857142857,60.25499800841013,64.53938965002696,70.21454095840454,10,187
2023-07-06 11:00:00+00:00,12.157142857142857,64.53938965002696,70.21454095840454,57.88361104329427,11,187
2023-07-06 12:00:00+00:00,11.914285714285713,67.65073271592458,54.78272533416748,41.051487604777016,12,187
2023-07-06 13:00:00+00:00,15.828571428571427,54.78272533416748,41.051487604777016,31.818342685699463,13,187
2023-07-06 14:00:00+00:00,17.014285714285712,41.051487604777016,31.818342685699463,24.39104715983073,14,187
2023-07-06 15:00:00+00:00,18.38571428571429,31.818342685699463,24.39104715983073,19.597942272822063,15,187
2023-07-06 16:00:00+00:00,15.92857142857143,24.39104715983073,19.597942272822063,16.452106475830078,16,187
2023-07-06 17:00:00+00:00,21.383333333333336,19.597942272822063,16.452106475830078,13.772073030471802,17,187
2023-07-06 18:00:00+00:00,17.433333333333334,16.452106475830078,13.772073030471802,12.043092767397562,18,187
2023-07-06 19:00:00+00:00,16.183333333333334,13.772073030471802,12.043092767397562,10.688267270723978,19,187
2023-07-06 20:00:00+00:00,13.366666666666667,12.043092767397562,10.688267270723978,9.870965957641602,20,187
2023-07-06 21:00:00+00:00,11.771428571428572,10.688267270723978,9.870965957641602,9.447211782137552,21,187
2023-07-06 22:00:00+00:00,11.857142857142856,9.870965957641602,9.447211782137552,9.824806213378906,22,187
2023-07-06 23:00:00+00:00,10.242857142857142,9.447211782137552,9.824806213378906,12.68625259399414,23,187
2023-07-07 00:00:00+00:00,9.857142857142858,9.824806213378906,12.68625259399414,17.898504098256428,0,188
2023-07-07 01:00:00+00:00,10.871428571428572,12.68625259399414,17.898504098256428,23.54849882920583,1,188
2023-07-07 02:00:00+00:00,11.185714285714287,17.898504098256428,23.54849882920583,28.711877663930256,2,188
2023-07-07 03:00:00+00:00,10.528571428571428,23.54849882920583,28.711877663930256,33.64509558677673,3,188
2023-07-07 04:00:00+00:00,10.557142857142855,28.711877663930256,33.64509558677673,38.52097177505493,4,188
2023-07-07 05:00:00+00:00,11.414285714285713,33.64509558677673,38.52097177505493,42.937983314196266,5,188
2023-07-07 06:00:00+00:00,10.785714285714286,38.52097177505493,42.937983314196266,47.0850480000178,6,188
2023-07-07 07:00:00+00:00,9.257142857142856,42.937983314196266,47.0850480000178,51.283846497535706,7,188
2023-07-07 08:00:00+00:00,10.642857142857142,47.0850480000178,51.283846497535706,55.501120368639626,8,188
2023-07-07 09:00:00+00:00,9.842857142857142,51.283846497535706,55.501120368639626,59.89465232690176,9,188
2023-07-07 10:00:00+00:00,11.000000000000002,55.501120368639626,59.89465232690176,63.98471848169962,10,188
2023-07-07 11:00:00+00:00,14.000000000000002,59.89465232690176,63.98471848169962,61.257892767588295,11,188
2023-07-07 12:00:00+00:00,12.657142857142858,56.43874867757162,40.89404865105947,33.22926231225332,12,188
2023-07-07 13:00:00+00:00,10.957142857142857,40.89404865105947,33.22926231225332,28.241636713345844,13,188
2023-07-07 14:00:00+00:00,12.171428571428573,33.22926231225332,28.241636713345844,23.667615214983623,14,188
2023-07-07 15:00:00+00:00,12.942857142857145,28.241636713345844,23.667615214983623,19.982232173283894,15,188
2023-07-07 16:00:00+00:00,14.200000000000001,23.667615214983623,19.982232173283894,16.86288030942281,16,188
2023-07-07 17:00:00+00:00,13.014285714285716,19.982232173283894,16.86288030942281,14.614729324976604,17,188
2023-07-07 18:00:00+00:00,14.0,16.86288030942281,14.614729324976604,13.050647735595703,18,188
2023-07-07 19:00:00+00:00,13.157142857142857,14.614729324976604,13.050647735595703,12.67990811665853,19,188
2023-07-07 20:00:00+00:00,11.9,13.050647735595703,12.67990811665853,12.815201958020529,20,188
2023-07-07 21:00:00+00:00,12.342857142857143,12.67990811665853,12.815201958020529,12.955040653546652,21,188
2023-07-07 22:00:00+00:00,10.671428571428569,12.815201958020529,12.955040653546652,14.06586527824402,22,188
2023-07-07 23:00:00+00:00,10.785714285714286,12.955040653546652,14.06586527824402,18.019993623097736,23,188
2023-07-08 00:00:00+00:00,10.571428571428571,14.06586527824402,18.019993623097736,24.24866231282552,0,189
2023-07-08 01:00:00+00:00,11.342857142857142,18.019993623097736,24.24866231282552,30.50424122810364,1,189
2023-07-08 02:00:00+00:00,11.042857142857143,24.24866231282552,30.50424122810364,36.870956103007,2,189
2023-07-08 03:00:00+00:00,11.27142857142857,30.50424122810364,36.870956103007,42.9926381111145,3,189
2023-07-08 04:00:00+00:00,11.299999999999999,36.870956103007,42.9926381111145,49.33480946222941,4,189
2023-07-08 05:00:00+00:00,11.271428571428572,42.9926381111145,49.33480946222941,55.835493683815,5,189
2023-07-08 06:00:00+00:00,10.8,49.33480946222941,55.835493683815,62.22895665963491,6,189
2023-07-08 07:00:00+00:00,9.4,55.835493683815,62.22895665963491,68.57042980194092,7,189
2023-07-08 08:00:00+00:00,9.228571428571428,62.22895665963491,68.57042980194092,74.30211226145427,8,189
2023-07-08 09:00:00+00:00,11.042857142857143,68.57042980194092,74.30211226145427,79.09369421005249,9,189
2023-07-08 10:00:00+00:00,10.557142857142855,74.30211226145427,79.09369421005249,85.33849108219147,10,189
2023-07-08 11:00:00+00:00,10.471428571428572,79.09369421005249,85.33849108219147,80.33285903930664,11,189
2023-07-08 12:00:00+00:00,9.242857142857144,79.87051900227864,78.5557251771291,54.36758677164713,12,189
2023-07-08 13:00:00+00:00,10.657142857142857,78.5557251771291,54.36758677164713,40.60055208206177,13,189
2023-07-08 14:00:00+00:00,12.542857142857144,54.36758677164713,40.60055208206177,32.98915994167328,14,189
2023-07-08 15:00:00+00:00,12.328571428571427,40.60055208206177,32.98915994167328,25.4229367574056,15,189
2023-07-08 16:00:00+00:00,16.171428571428574,32.98915994167328,25.4229367574056,19.21246000130971,16,189
2023-07-08 17:00:00+00:00,14.614285714285712,25.4229367574056,19.21246000130971,15.843836863835651,17,189
2023-07-08 18:00:00+00:00,14.099999999999998,19.21246000130971,15.843836863835651,14.622565666834513,18,189
2023-07-08 19:00:00+00:00,13.628571428571428,15.843836863835651,14.622565666834513,14.151907682418823,19,189
2023-07-08 20:00:00+00:00,14.614285714285714,14.622565666834513,14.151907682418823,14.192561944325766,20,189
2023-07-08 21:00:00+00:00,11.914285714285715,14.151907682418823,14.192561944325766,14.127148310343424,21,189
2023-07-08 22:00:00+00:00,14.142857142857142,14.192561944325766,14.127148310343424,14.72701891263326,22,189
2023-07-08 23:00:00+00:00,13.685714285714285,14.127148310343424,14.72701891263326,18.71332557996114,23,189
2023-07-09 00:00:00+00:00,12.342857142857142,14.72701891263326,18.71332557996114,24.941654364267983,0,190
2023-07-09 01:00:00+00:00,10.94285714285714,18.71332557996114,24.941654364267983,31.36722222963969,1,190
2023-07-09 02:00:00+00:00,13.314285714285715,24.941654364267983,31.36722222963969,38.36792778968811,2,190
2023-07-09 03:00:00+00:00,12.899999999999997,31.36722222963969,38.36792778968811,46.19579656918844,3,190
2023-07-09 04:00:00+00:00,12.999999999999998,38.36792778968811,46.19579656918844,53.24772055943807,4,190
2023-07-09 05:00:00+00:00,13.385714285714288,46.19579656918844,53.24772055943807,60.20677196979523,5,190
2023-07-09 06:00:00+00:00,10.985714285714284,53.24772055943807,60.20677196979523,67.36988572279613,6,190
2023-07-09 07:00:00+00:00,12.842857142857142,60.20677196979523,67.36988572279613,74.6654167175293,7,190
2023-07-09 08:00:00+00:00,12.471428571428572,67.36988572279613,74.6654167175293,82.56524813175201,8,190
2023-07-09 09:00:00+00:00,12.914285714285713,74.6654167175293,82.56524813175201,90.4009603659312,9,190
2023-07-09 10:00:00+00:00,13.471428571428572,82.56524813175201,90.4009603659312,99.21602725982666,10,190
2023-07-09 11:00:00+00:00,11.27142857142857,90.4009603659312,99.21602725982666,80.85628875096639,11,190
2023-07-09 12:00:00+00:00,12.328571428571426,91.15370718638104,73.56090287367503,52.37442032496134,12,190
2023-07-09 13:00:00+00:00,13.700000000000001,73.56090287367503,52.37442032496134,39.262307365735374,13,190
2023-07-09 14:00:00+00:00,13.171428571428573,52.37442032496134,39.262307365735374,27.960288286209103,14,190
2023-07-09 15:00:00+00:00,14.4,39.262307365735374,27.960288286209103,20.330260912577312,15,190
2023-07-09 16:00:00+00:00,15.414285714285715,27.960288286209103,20.330260912577312,15.56627074877421,16,190
2023-07-09 17:00:00+00:00,16.185714285714283,20.330260912577312,15.56627074877421,12.626509269078571,17,190
2023-07-09 18:00:00+00:00,14.657142857142857,15.56627074877421,12.626509269078571,10.966220100720724,18,190
2023-07-09 19:00:00+00:00,19.057142857142853,12.626509269078571,10.966220100720724,9.72548802693685,19,190
2023-07-09 20:00:00+00:00,16.314285714285713,10.966220100720724,9.72548802693685,8.827814737955729,20,190
2023-07-09 21:00:00+00:00,15.299999999999999,9.72548802693685,8.827814737955729,8.333335955937704,21,190
2023-07-09 22:00:00+00:00,16.257142857142856,8.827814737955729,8.333335955937704,8.328944643338522,22,190
2023-07-09 23:00:00+00:00,14.157142857142857,8.333335955937704,8.328944643338522,10.053156038125357,23,190
2023-07-10 00:00:00+00:00,13.857142857142858,8.328944643338522,10.053156038125357,13.355872491995491,0,191
2023-07-10 01:00:00+00:00,12.728571428571428,10.053156038125357,13.355872491995491,17.29562536875407,1,191
2023-07-10 02:00:00+00:00,13.685714285714285,13.355872491995491,17.29562536875407,21.983160654703777,2,191
2023-07-10 03:00:00+00:00,12.085714285714285,17.29562536875407,21.983160654703777,27.07661469777425,3,191
2023-07-10 04:00:00+00:00,11.385714285714284,21.983160654703777,27.07661469777425,32.079922338326774,4,191
2023-07-10 05:00:00+00:00,10.157142857142857,27.07661469777425,32.079922338326774,36.98480566342672,5,191
2023-07-10 06:00:00+00:00,10.571428571428571,32.079922338326774,36.98480566342672,42.06154598792394,6,191
2023-07-10 07:00:00+00:00,8.485714285714286,36.98480566342672,42.06154598792394,47.42787629365921,7,191
2023-07-10 08:00:00+00:00,7.757142857142857,42.06154598792394,47.42787629365921,52.89985110362371,8,191
2023-07-10 09:00:00+00:00,8.557142857142855,47.42787629365921,52.89985110362371,58.39516971508662,9,191
2023-07-10 10:00:00+00:00,9.557142857142859,52.89985110362371,58.39516971508662,66.2393985191981,10,191
2023-07-10 11:00:00+00:00,9.928571428571429,58.39516971508662,66.2393985191981,58.623799781004585,11,191
2023-07-10 12:00:00+00:00,9.542857142857144,75.11487996578217,70.33159931500752,49.10036436716715,12,191
2023-07-10 13:00:00+00:00,10.4,70.33159931500752,49.10036436716715,38.40106372038523,13,191
2023-07-10 14:00:00+00:00,11.628571428571428,49.10036436716715,38.40106372038523,27.321374615033463,14,191
2023-07-10 15:00:00+00:00,13.271428571428572,38.40106372038523,27.321374615033463,17.745150009791057,15,191
2023-07-10 16:00:00+00:00,14.157142857142857,27.321374615033463,17.745150009791057,13.06527010599772,16,191
2023-07-10 17:00:00+00:00,14.442857142857141,17.745150009791057,13.06527010599772,11.684287508328756,17,191
2023-07-10 18:00:00+00:00,15.371428571428572,13.06527010599772,11.684287508328756,10.520318984985352,18,191
2023-07-10 19:00:00+00:00,13.542857142857143,11.684287508328756,10.520318984985352,9.388693809509276,19,191
2023-07-10 20:00:00+00:00,11.842857142857143,10.520318984985352,9.388693809509276,8.793484250704447,20,191
2023-07-10 21:00:00+00:00,12.742857142857144,9.388693809509276,8.793484250704447,8.1169486840566,21,191
2023-07-10 22:00:00+00:00,12.371428571428572,8.793484250704447,8.1169486840566,8.842384338378906,22,191
2023-07-10 23:00:00+00:00,13.857142857142856,8.1169486840566,8.842384338378906,11.002727707227072,23,191
2023-07-11 00:00:00+00:00,12.842857142857142,8.842384338378906,11.002727707227072,14.843767881393433,0,192
2023-07-11 01:00:00+00:00,11.285714285714286,11.002727707227072,14.843767881393433,20.6456040541331,1,192
2023-07-11 02:00:00+00:00,12.242857142857144,14.843767881393433,20.6456040541331,27.361735026041668,2,192
2023-07-11 03:00:00+00:00,11.242857142857144,20.6456040541331,27.361735026041668,34.49013686180115,3,192
2023-07-11 04:00:00+00:00,11.357142857142858,27.361735026041668,34.49013686180115,41.97712914148966,4,192
2023-07-11 05:00:00+00:00,13.542857142857144,34.49013686180115,41.97712914148966,49.84618393580119,5,192
2023-07-11 06:00:00+00:00,10.671428571428573,41.97712914148966,49.84618393580119,57.27227008342743,6,192
2023-07-11 07:00:00+00:00,11.357142857142858,49.84618393580119,57.27227008342743,64.68755578994751,7,192
2023-07-11 08:00:00+00:00,13.285714285714286,57.27227008342743,64.68755578994751,72.23088550567627,8,192
2023-07-11 09:00:00+00:00,10.214285714285714,64.68755578994751,72.23088550567627,77.01819817225139,9,192
2023-07-11 10:00:00+00:00,10.771428571428572,72.23088550567627,77.01819817225139,79.6537782351176,10,192
2023-07-11 11:00:00+00:00,9.857142857142858,77.01819817225139,79.6537782351176,78.27948888142903,11,192
2023-07-11 12:00:00+00:00,12.528571428571428,58.29722547531128,48.30100806554159,29.58335880438487,12,192
2023-07-11 13:00:00+00:00,12.585714285714287,48.30100806554159,29.58335880438487,18.94921362400055,13,192
2023-07-11 14:00:00+00:00,14.642857142857142,29.58335880438487,18.94921362400055,13.687911430994667,14,192
2023-07-11 15:00:00+00:00,16.916666666666668,18.94921362400055,13.687911430994667,10.792633692423502,15,192
2023-07-11 16:00:00+00:00,20.116666666666667,13.687911430994667,10.792633692423502,9.372226397196451,16,192
2023-07-11 17:00:00+00:00,20.0,10.792633692423502,9.372226397196451,8.31994883219401,17,192
2023-07-11 18:00:00+00:00,17.471428571428568,9.372226397196451,8.31994883219401,7.440362850824992,18,192
2023-07-11 19:00:00+00:00,17.214285714285715,8.31994883219401,7.440362850824992,6.656995455423991,19,192
2023-07-11 20:00:00+00:00,15.228571428571428,7.440362850824992,6.656995455423991,6.164065678914388,20,192
2023-07-11 21:00:00+00:00,13.114285714285714,6.656995455423991,6.164065678914388,6.148704608281453,21,192
2023-07-11 22:00:00+00:00,10.285714285714286,6.164065678914388,6.148704608281453,6.677676518758138,22,192
2023-07-11 23:00:00+00:00,9.571428571428571,6.148704608281453,6.677676518758138,8.818770408630371,23,192
2023-07-12 00:00:00+00:00,10.357142857142858,6.677676518758138,8.818770408630371,11.885719299316406,0,193
2023-07-12 01:00:00+00:00,9.485714285714286,8.818770408630371,11.885719299316406,15.49362842241923,1,193
2023-07-12 02:00:00+00:00,9.87142857142857,11.885719299316406,15.49362842241923,19.509769757588703,2,193
2023-07-12 03:00:00+00:00,10.9,15.49362842241923,19.509769757588703,24.440720796585083,3,193
2023-07-12 04:00:00+00:00,12.37142857142857,19.509769757588703,24.440720796585083,29.56622298558553,4,193
2023-07-12 05:00:00+00:00,12.185714285714287,24.440720796585083,29.56622298558553,34.4729266166687,5,193
2023-07-12 06:00:00+00:00,10.6,29.56622298558553,34.4729266166687,39.02721150716146,6,193
2023-07-12 07:00:00+00:00,9.6,34.4729266166687,39.02721150716146,43.927836418151855,7,193
2023-07-12 08:00:00+00:00,12.014285714285714,39.02721150716146,43.927836418151855,48.7242226600647,8,193
2023-07-12 09:00:00+00:00,10.514285714285714,43.927836418151855,48.7242226600647,53.79540781180064,9,193
2023-07-12 10:00:00+00:00,11.314285714285715,48.7242226600647,53.79540781180064,60.01621480782827,10,193
2023-07-12 11:00:00+00:00,12.128571428571428,53.79540781180064,60.01621480782827,41.5651421546936,11,193
2023-07-12 12:00:00+00:00,10.42857142857143,45.32838455835978,31.53890045483907,16.731240669886272,12,193
2023-07-12 13:00:00+00:00,12.785714285714286,31.53890045483907,16.731240669886272,12.127614974975586,13,193
2023-07-12 14:00:00+00:00,12.6,16.731240669886272,12.127614974975586,10.82695186138153,14,193
2023-07-12 15:00:00+00:00,12.0,12.127614974975586,10.82695186138153,9.435017267862955,15,193
2023-07-12 16:00:00+00:00,13.399999999999999,10.82695186138153,9.435017267862955,8.410090764363607,16,193
2023-07-12 17:00:00+00:00,12.933333333333332,9.435017267862955,8.410090764363607,7.553577144940694,17,193
2023-07-12 18:00:00+00:00,12.083333333333334,8.410090764363607,7.553577144940694,6.86872673034668,18,193
2023-07-12 19:00:00+00:00,9.071428571428571,7.553577144940694,6.86872673034668,6.187519649664561,19,193
2023-07-12 20:00:00+00:00,6.1,6.86872673034668,6.187519649664561,5.860375742117564,20,193
2023-07-12 21:00:00+00:00,5.714285714285714,6.187519649664561,5.860375742117564,5.900499661763509,21,193
2023-07-12 22:00:00+00:00,6.357142857142856,5.860375742117564,5.900499661763509,6.4856611887613935,22,193
2023-07-12 23:00:00+00:00,6.3,5.900499661763509,6.4856611887613935,8.40644613901774,23,193
2023-07-13 00:00:00+00:00,5.328571428571428,6.4856611887613935,8.40644613901774,11.743898232777914,0,194
2023-07-13 01:00:00+00:00,5.514285714285714,8.40644613901774,11.743898232777914,15.458371639251709,1,194
2023-07-13 02:00:00+00:00,5.971428571428571,11.743898232777914,15.458371639251709,19.451488216718037,2,194
2023-07-13 03:00:00+00:00,6.128571428571428,15.458371639251709,19.451488216718037,25.550066630045574,3,194
2023-07-13 04:00:00+00:00,5.714285714285714,19.451488216718037,25.550066630045574,30.23585271835327,4,194
2023-07-13 05:00:00+00:00,5.371428571428572,25.550066630045574,30.23585271835327,34.52146192391714,5,194
2023-07-13 06:00:00+00:00,6.842857142857143,30.23585271835327,34.52146192391714,39.04939273993174,6,194
2023-07-13 07:00:00+00:00,8.157142857142858,34.52146192391714,39.04939273993174,43.78498637676239,7,194
2023-07-13 08:00:00+00:00,9.6,39.04939273993174,43.78498637676239,49.13954385121664,8,194
2023-07-13 09:00:00+00:00,9.428571428571429,43.78498637676239,49.13954385121664,54.17669137318929,9,194
2023-07-13 10:00:00+00:00,8.428571428571429,49.13954385121664,54.17669137318929,60.751882553100586,10,194
2023-07-13 11:00:00+00:00,8.642857142857142,54.17669137318929,60.751882553100586,50.06622815132141,11,194
2023-07-13 12:00:00+00:00,11.099999999999998,50.93952167034149,46.170310497283936,24.536945064862568,12,194
2023-07-13 13:00:00+00:00,12.214285714285714,46.170310497283936,24.536945064862568,16.976954698562622,13,194
2023-07-13 14:00:00+00:00,11.357142857142858,24.536945064862568,16.976954698562622,14.493640263875326,14,194
2023-07-13 15:00:00+00:00,10.042857142857143,16.976954698562622,14.493640263875326,13.465414047241211,15,194
2023-07-13 16:00:00+00:00,10.37142857142857,14.493640263875326,13.465414047241211,11.64477793375651,16,194
2023-07-13 17:00:00+00:00,10.457142857142856,13.465414047241211,11.64477793375651,11.098061879475912,17,194
2023-07-13 18:00:00+00:00,9.771428571428572,11.64477793375651,11.098061879475912,10.881636460622152,18,194
2023-07-13 19:00:00+00:00,9.500000000000002,11.098061879475912,10.881636460622152,10.50928783416748,19,194
2023-07-13 20:00:00+00:00,7.457142857142857,10.881636460622152,10.50928783416748,10.210447152455648,20,194
2023-07-13 21:00:00+00:00,6.771428571428572,10.50928783416748,10.210447152455648,10.172977288564047,21,194
2023-07-13 22:00:00+00:00,5.942857142857143,10.210447152455648,10.172977288564047,10.354002634684244,22,194
2023-07-13 23:00:00+00:00,4.885714285714286,10.172977288564047,10.354002634684244,12.429871161778768,23,194
2023-07-14 00:00:00+00:00,5.485714285714287,10.354002634684244,12.429871161778768,16.610524495442707,0,195
2023-07-14 01:00:00+00:00,5.200000000000001,12.429871161778768,16.610524495442707,22.003531018892925,1,195
2023-07-14 02:00:00+00:00,5.700000000000001,16.610524495442707,22.003531018892925,28.758634289105732,2,195
2023-07-14 03:00:00+00:00,7.142857142857143,22.003531018892925,28.758634289105732,36.89065285523733,3,195
2023-07-14 04:00:00+00:00,7.314285714285716,28.758634289105732,36.89065285523733,46.03406524658203,4,195
2023-07-14 05:00:00+00:00,6.814285714285715,36.89065285523733,46.03406524658203,54.826451698939,5,195
2023-07-14 06:00:00+00:00,6.3999999999999995,46.03406524658203,54.826451698939,63.113057454427086,6,195
2023-07-14 07:00:00+00:00,9.7,54.826451698939,63.113057454427086,71.40658569335938,7,195
2023-07-14 08:00:00+00:00,10.757142857142854,63.113057454427086,71.40658569335938,80.01070181528728,8,195
2023-07-14 09:00:00+00:00,7.414285714285714,71.40658569335938,80.01070181528728,87.50070063273112,9,195
2023-07-14 10:00:00+00:00,7.271428571428571,80.01070181528728,87.50070063273112,96.60006713867188,10,195
2023-07-14 11:00:00+00:00,8.000000000000002,87.50070063273112,96.60006713867188,94.71085977554321,11,195
2023-07-14 12:00:00+00:00,7.742857142857142,66.14406522115071,67.99612196286519,48.867383321126304,12,195
2023-07-14 13:00:00+00:00,7.185714285714286,67.99612196286519,48.867383321126304,30.547433535257976,13,195
2023-07-14 14:00:00+00:00,7.814285714285714,48.867383321126304,30.547433535257976,24.167396148045857,14,195
2023-07-14 15:00:00+00:00,11.15,30.547433535257976,24.167396148045857,18.358670870463055,15,195
2023-07-14 16:00:00+00:00,11.350000000000001,24.167396148045857,18.358670870463055,15.784363428751627,16,195
2023-07-14 17:00:00+00:00,11.35,18.358670870463055,15.784363428751627,14.760974725087484,17,195
2023-07-14 18:00:00+00:00,11.457142857142857,15.784363428751627,14.760974725087484,14.130073467890421,18,195
2023-07-14 19:00:00+00:00,11.142857142857142,14.760974725087484,14.130073467890421,13.886580149332682,19,195
2023-07-14 20:00:00+00:00,9.414285714285715,14.130073467890421,13.886580149332682,13.479295174280802,20,195
2023-07-14 21:00:00+00:00,9.683333333333332,13.886580149332682,13.479295174280802,13.327096859614054,21,195
2023-07-14 22:00:00+00:00,9.4,13.479295174280802,13.327096859614054,13.89708137512207,22,195
2023-07-14 23:00:00+00:00,9.928571428571429,13.327096859614054,13.89708137512207,16.631887276967365,23,195
2023-07-15 00:00:00+00:00,10.257142857142856,13.89708137512207,16.631887276967365,23.489454746246338,0,196
2023-07-15 01:00:00+00:00,8.571428571428571,16.631887276967365,23.489454746246338,32.961128195126854,1,196
2023-07-15 02:00:00+00:00,8.614285714285714,23.489454746246338,32.961128195126854,44.87033156553904,2,196
2023-07-15 03:00:00+00:00,9.457142857142859,32.961128195126854,44.87033156553904,57.838804523150124,3,196
2023-07-15 04:00:00+00:00,10.385714285714286,44.87033156553904,57.838804523150124,70.71519935131073,4,196
2023-07-15 05:00:00+00:00,12.514285714285714,57.838804523150124,70.71519935131073,79.94422376155853,5,196
2023-07-15 06:00:00+00:00,11.22857142857143,70.71519935131073,79.94422376155853,87.10336331526439,6,196
2023-07-15 07:00:00+00:00,10.014285714285716,79.94422376155853,87.10336331526439,87.00368865331014,7,196
2023-07-15 08:00:00+00:00,12.785714285714288,87.10336331526439,87.00368865331014,86.95113738377889,8,196
2023-07-15 09:00:00+00:00,10.928571428571429,87.00368865331014,86.95113738377889,87.29288228352864,9,196
2023-07-15 10:00:00+00:00,9.342857142857143,86.95113738377889,87.29288228352864,86.90743478139241,10,196
2023-07-15 11:00:00+00:00,10.214285714285714,87.29288228352864,86.90743478139241,78.6079245408376,11,196
2023-07-15 12:00:00+00:00,10.028571428571427,81.76181062062581,71.23074356714885,57.056865294774376,12,196
2023-07-15 13:00:00+00:00,11.77142857142857,71.23074356714885,57.056865294774376,40.31955997149149,13,196
2023-07-15 14:00:00+00:00,12.785714285714286,57.056865294774376,40.31955997149149,28.63064217567444,14,196
2023-07-15 15:00:00+00:00,15.514285714285714,40.31955997149149,28.63064217567444,26.867387135823567,15,196
2023-07-15 16:00:00+00:00,15.314285714285715,28.63064217567444,26.867387135823567,24.25633390744527,16,196
2023-07-15 17:00:00+00:00,17.2,26.867387135823567,24.25633390744527,20.903706550598145,17,196
2023-07-15 18:00:00+00:00,18.014285714285712,24.25633390744527,20.903706550598145,18.122573614120483,18,196
2023-07-15 19:00:00+00:00,17.357142857142858,20.903706550598145,18.122573614120483,16.466931025187176,19,196
2023-07-15 20:00:00+00:00,18.88571428571429,18.122573614120483,16.466931025187176,15.34306526184082,20,196
2023-07-15 21:00:00+00:00,16.385714285714286,16.466931025187176,15.34306526184082,14.982248942057291,21,196
2023-07-15 22:00:00+00:00,16.057142857142857,15.34306526184082,14.982248942057291,15.45474116007487,22,196
2023-07-15 23:00:00+00:00,16.82857142857143,14.982248942057291,15.45474116007487,17.353042761484783,23,196
2023-07-16 00:00:00+00:00,13.34285714285714,15.45474116007487,17.353042761484783,20.18354320526123,0,197
2023-07-16 01:00:00+00:00,15.042857142857143,17.353042761484783,20.18354320526123,25.5815216700236,1,197
2023-07-16 02:00:00+00:00,12.914285714285715,20.18354320526123,25.5815216700236,31.620572169621784,2,197
2023-07-16 03:00:00+00:00,12.099999999999998,25.5815216700236,31.620572169621784,37.63636596997579,3,197
2023-07-16 04:00:00+00:00,11.742857142857142,31.620572169621784,37.63636596997579,44.153416792551674,4,197
2023-07-16 05:00:00+00:00,13.614285714285716,37.63636596997579,44.153416792551674,50.87463172276815,5,197
2023-07-16 06:00:00+00:00,11.914285714285713,44.153416792551674,50.87463172276815,58.033312956492104,6,197
2023-07-16 07:00:00+00:00,12.257142857142856,50.87463172276815,58.033312956492104,65.91761255264282,7,197
2023-07-16 08:00:00+00:00,11.842857142857142,58.033312956492104,65.91761255264282,74.295175075531,8,197
2023-07-16 09:00:00+00:00,11.1,65.91761255264282,74.295175075531,84.44997684160869,9,197
2023-07-16 10:00:00+00:00,10.4,74.295175075531,84.44997684160869,96.94387284914653,10,197
2023-07-16 11:00:00+00:00,10.299999999999999,84.44997684160869,96.94387284914653,78.56583221753438,11,197
2023-07-16 12:00:00+00:00,11.614285714285714,86.23661867777507,88.6278624534607,72.09338490168254,12,197
2023-07-16 13:00:00+00:00,11.428571428571429,88.6278624534607,72.09338490168254,58.72784694035848,13,197
2023-07-16 14:00:00+00:00,11.77142857142857,72.09338490168254,58.72784694035848,42.31437222162882,14,197
2023-07-16 15:00:00+00:00,11.957142857142857,58.72784694035848,42.31437222162882,28.85485855738322,15,197
2023-07-16 16:00:00+00:00,15.742857142857142,42.31437222162882,28.85485855738322,22.919198433558147,16,197
2023-07-16 17:00:00+00:00,15.542857142857143,28.85485855738322,22.919198433558147,19.463301340738933,17,197
2023-07-16 18:00:00+00:00,17.02857142857143,22.919198433558147,19.463301340738933,17.128658930460613,18,197
2023-07-16 19:00:00+00:00,15.814285714285715,19.463301340738933,17.128658930460613,16.26304753621419,19,197
2023-07-16 20:00:00+00:00,16.057142857142857,17.128658930460613,16.26304753621419,15.873587926228842,20,197
2023-07-16 21:00:00+00:00,15.242857142857142,16.26304753621419,15.873587926228842,15.773184935251871,21,197
2023-07-16 22:00:00+00:00,15.642857142857142,15.873587926228842,15.773184935251871,15.970635573069254,22,197
2023-07-16 23:00:00+00:00,15.22857142857143,15.773184935251871,15.970635573069254,17.905823230743408,23,197
2023-07-17 00:00:00+00:00,14.285714285714286,15.970635573069254,17.905823230743408,23.06214435895284,0,198
2023-07-17 01:00:00+00:00,13.814285714285715,17.905823230743408,23.06214435895284,30.33441694577535,1,198
2023-07-17 02:00:00+00:00,13.499999999999998,23.06214435895284,30.33441694577535,37.55408716201782,2,198
2023-07-17 03:00:00+00:00,12.714285714285712,30.33441694577535,37.55408716201782,44.26624536514282,3,198
2023-07-17 04:00:00+00:00,13.72857142857143,37.55408716201782,44.26624536514282,50.22243960698446,4,198
2023-07-17 05:00:00+00:00,12.0,44.26624536514282,50.22243960698446,55.75804821650187,5,198
2023-07-17 06:00:00+00:00,11.285714285714286,50.22243960698446,55.75804821650187,61.4778258005778,6,198
2023-07-17 07:00:00+00:00,13.64285714285714,55.75804821650187,61.4778258005778,66.51889689763387,7,198
2023-07-17 08:00:00+00:00,12.757142857142856,61.4778258005778,66.51889689763387,71.32325458526611,8,198
2023-07-17 09:00:00+00:00,11.857142857142858,66.51889689763387,71.32325458526611,76.63361676534016,9,198
2023-07-17 10:00:00+00:00,12.057142857142855,71.32325458526611,76.63361676534016,83.13090642293294,10,198
2023-07-17 11:00:00+00:00,14.285714285714286,76.63361676534016,83.13090642293294,62.09234642982483,11,198
2023-07-17 12:00:00+00:00,12.928571428571429,69.47277196248372,61.05605220794678,44.78008460998535,12,198
2023-07-17 13:00:00+00:00,15.485714285714286,61.05605220794678,44.78008460998535,32.17645597457886,13,198
2023-07-17 14:00:00+00:00,15.485714285714286,44.78008460998535,32.17645597457886,24.26330057779948,14,198
2023-07-17 15:00:00+00:00,17.314285714285713,32.17645597457886,24.26330057779948,18.949975331624348,15,198
2023-07-17 16:00:00+00:00,17.128571428571426,24.26330057779948,18.949975331624348,15.775578180948893,16,198
2023-07-17 17:00:00+00:00,15.342857142857142,18.949975331624348,15.775578180948893,14.498045603434244,17,198
2023-07-17 18:00:00+00:00,15.214285714285714,15.775578180948893,14.498045603434244,13.7030881245931,18,198
2023-07-17 19:00:00+00:00,16.32857142857143,14.498045603434244,13.7030881245931,12.818308512369791,19,198
2023-07-17 20:00:00+00:00,16.628571428571426,13.7030881245931,12.818308512369791,11.96548843383789,20,198
2023-07-17 21:00:00+00:00,15.828571428571426,12.818308512369791,11.96548843383789,11.382747650146484,21,198
2023-07-17 22:00:00+00:00,14.0,11.96548843383789,11.382747650146484,11.22172443072001,22,198
2023-07-17 23:00:00+00:00,13.242857142857142,11.382747650146484,11.22172443072001,12.593566258748373,23,198
2023-07-18 00:00:00+00:00,12.185714285714283,11.22172443072001,12.593566258748373,15.97016954421997,0,199
2023-07-18 01:00:00+00:00,11.314285714285715,12.593566258748373,15.97016954421997,20.155497233072918,1,199
2023-07-18 02:00:00+00:00,11.414285714285713,15.97016954421997,20.155497233072918,24.8656325340271,2,199
2023-07-18 03:00:00+00:00,9.6,20.155497233072918,24.8656325340271,29.96627966562907,3,199
2023-07-18 04:00:00+00:00,10.77142857142857,24.8656325340271,29.96627966562907,35.19518423080444,4,199
2023-07-18 05:00:00+00:00,10.271428571428572,29.96627966562907,35.19518423080444,39.2132371266683,5,199
2023-07-18 06:00:00+00:00,9.22857142857143,35.19518423080444,39.2132371266683,42.56832106908163,6,199
2023-07-18 07:00:00+00:00,9.585714285714287,39.2132371266683,42.56832106908163,45.51526816685995,7,199
2023-07-18 08:00:00+00:00,10.099999999999998,42.56832106908163,45.51526816685995,48.34573872884115,8,199
2023-07-18 09:00:00+00:00,8.571428571428571,45.51526816685995,48.34573872884115,51.139468351999916,9,199
2023-07-18 10:00:00+00:00,7.128571428571428,48.34573872884115,51.139468351999916,54.42632055282593,10,199
2023-07-18 11:00:00+00:00,9.12857142857143,51.139468351999916,54.42632055282593,39.26784880956014,11,199
2023-07-18 12:00:00+00:00,10.928571428571429,52.184730450312294,36.64111073811849,25.434000730514526,12,199
2023-07-18 13:00:00+00:00,11.742857142857144,36.64111073811849,25.434000730514526,21.025699615478516,13,199
2023-07-18 14:00:00+00:00,12.799999999999999,25.434000730514526,21.025699615478516,18.757267951965332,14,199
2023-07-18 15:00:00+00:00,12.728571428571428,21.025699615478516,18.757267951965332,16.3790766398112,15,199
2023-07-18 16:00:00+00:00,14.042857142857143,18.757267951965332,16.3790766398112,14.17207924524943,16,199
2023-07-18 17:00:00+00:00,17.566666666666666,16.3790766398112,14.17207924524943,12.62079938252767,17,199
2023-07-18 18:00:00+00:00,15.116666666666665,14.17207924524943,12.62079938252767,11.30209223429362,18,199
2023-07-18 19:00:00+00:00,12.08333333333333,12.62079938252767,11.30209223429362,10.276350299517313,19,199
2023-07-18 20:00:00+00:00,11.185714285714285,11.30209223429362,10.276350299517313,9.645185152689615,20,199
2023-07-18 21:00:00+00:00,11.385714285714286,10.276350299517313,9.645185152689615,9.440132101376852,21,199
2023-07-18 22:00:00+00:00,11.7,9.645185152689615,9.440132101376852,9.924580613772074,22,199
2023-07-18 23:00:00+00:00,9.171428571428574,9.440132101376852,9.924580613772074,12.056191444396973,23,199
2023-07-19 00:00:00+00:00,9.242857142857144,9.924580613772074,12.056191444396973,15.611464023590088,0,200
2023-07-19 01:00:00+00:00,9.085714285714285,12.056191444396973,15.611464023590088,19.31439995765686,1,200
2023-07-19 02:00:00+00:00,8.742857142857144,15.611464023590088,19.31439995765686,23.03323237101237,2,200
2023-07-19 03:00:00+00:00,9.299999999999999,19.31439995765686,23.03323237101237,26.92954095204671,3,200
2023-07-19 04:00:00+00:00,8.8,23.03323237101237,26.92954095204671,31.109184583028156,4,200
2023-07-19 05:00:00+00:00,8.685714285714285,26.92954095204671,31.109184583028156,35.24796613057455,5,200
2023-07-19 06:00:00+00:00,8.185714285714287,31.109184583028156,35.24796613057455,39.13164265950521,6,200
2023-07-19 07:00:00+00:00,7.571428571428571,35.24796613057455,39.13164265950521,42.64132293065389,7,200
2023-07-19 08:00:00+00:00,8.9,39.13164265950521,42.64132293065389,46.06959549585978,8,200
2023-07-19 09:00:00+00:00,7.828571428571429,42.64132293065389,46.06959549585978,49.53460741043091,9,200
2023-07-19 10:00:00+00:00,7.785714285714286,46.06959549585978,49.53460741043091,53.69332408905029,10,200
2023-07-19 11:00:00+00:00,7.814285714285715,49.53460741043091,53.69332408905029,39.67313011487325,11,200
2023-07-19 12:00:00+00:00,7.957142857142857,47.96822865804037,38.23841222127279,26.538774013519287,12,200
2023-07-19 13:00:00+00:00,9.5,38.23841222127279,26.538774013519287,18.865541458129883,13,200
2023-07-19 14:00:00+00:00,11.185714285714285,26.538774013519287,18.865541458129883,15.985926310221354,14,200
2023-07-19 15:00:00+00:00,12.583333333333334,18.865541458129883,15.985926310221354,14.0063107808431,15,200
2023-07-19 16:00:00+00:00,12.48,15.985926310221354,14.0063107808431,12.671335220336914,16,200
2023-07-19 17:00:00+00:00,13.060000000000002,14.0063107808431,12.671335220336914,11.66678555806478,17,200
2023-07-19 18:00:00+00:00,13.049999999999997,12.671335220336914,11.66678555806478,10.726980527242025,18,200
2023-07-19 19:00:00+00:00,14.057142857142859,11.66678555806478,10.726980527242025,9.965547243754068,19,200
2023-07-19 20:00:00+00:00,13.585714285714285,10.726980527242025,9.965547243754068,9.498997688293457,20,200
2023-07-19 21:00:00+00:00,12.314285714285715,9.965547243754068,9.498997688293457,9.361512819925943,21,200
2023-07-19 22:00:00+00:00,12.971428571428573,9.498997688293457,9.361512819925943,9.751996397972107,22,200
2023-07-19 23:00:00+00:00,9.6,9.361512819925943,9.751996397972107,11.784136136372885,23,200
2023-07-20 00:00:00+00:00,7.885714285714286,9.751996397972107,11.784136136372885,15.343570073445639,0,201
2023-07-20 01:00:00+00:00,7.471428571428571,11.784136136372885,15.343570073445639,19.29683494567871,1,201
2023-07-20 02:00:00+00:00,7.614285714285714,15.343570073445639,19.29683494567871,23.7005516688029,2,201
2023-07-20 03:00:00+00:00,8.385714285714286,19.29683494567871,23.7005516688029,28.49457852045695,3,201
2023-07-20 04:00:00+00:00,8.714285714285714,23.7005516688029,28.49457852045695,33.544816970825195,4,201
2023-07-20 05:00:00+00:00,9.77142857142857,28.49457852045695,33.544816970825195,38.191744804382324,5,201
2023-07-20 06:00:00+00:00,11.771428571428572,33.544816970825195,38.191744804382324,42.56982231140137,6,201
2023-07-20 07:00:00+00:00,12.214285714285714,38.191744804382324,42.56982231140137,47.11024188995361,7,201
2023-07-20 08:00:00+00:00,11.085714285714287,42.56982231140137,47.11024188995361,51.66135176022848,8,201
2023-07-20 09:00:00+00:00,11.742857142857144,47.11024188995361,51.66135176022848,56.202277739842735,9,201
2023-07-20 10:00:00+00:00,12.214285714285714,51.66135176022848,56.202277739842735,62.25231115023295,10,201
2023-07-20 11:00:00+00:00,11.028571428571428,56.202277739842735,62.25231115023295,54.93219526608785,11,201
2023-07-20 12:00:00+00:00,12.12857142857143,61.93500463167826,58.923311948776245,40.15853110949198,12,201
2023-07-20 13:00:00+00:00,13.142857142857142,58.923311948776245,40.15853110949198,27.878917694091797,13,201
2023-07-20 14:00:00+00:00,15.485714285714284,40.15853110949198,27.878917694091797,21.474183797836304,14,201
2023-07-20 15:00:00+00:00,16.07142857142857,27.878917694091797,21.474183797836304,18.36351712544759,15,201
2023-07-20 16:00:00+00:00,15.214285714285714,21.474183797836304,18.36351712544759,16.953548431396484,16,201
2023-07-20 17:00:00+00:00,15.728571428571428,18.36351712544759,16.953548431396484,15.977111101150513,17,201
2023-07-20 18:00:00+00:00,15.385714285714288,16.953548431396484,15.977111101150513,14.975122451782227,18,201
2023-07-20 19:00:00+00:00,15.22857142857143,15.977111101150513,14.975122451782227,13.948733965555826,19,201
2023-07-20 20:00:00+00:00,13.314285714285713,14.975122451782227,13.948733965555826,13.328985214233398,20,201
2023-07-20 21:00:00+00:00,12.671428571428569,13.948733965555826,13.328985214233398,13.1414213180542,21,201
2023-07-20 22:00:00+00:00,13.299999999999999,13.328985214233398,13.1414213180542,13.710053126017252,22,201
2023-07-20 23:00:00+00:00,11.4,13.1414213180542,13.710053126017252,16.311028162638348,23,201
2023-07-21 00:00:00+00:00,9.228571428571428,13.710053126017252,16.311028162638348,20.2266788482666,0,202
2023-07-21 01:00:00+00:00,8.714285714285714,16.311028162638348,20.2266788482666,24.566191514333088,1,202
2023-07-21 02:00:00+00:00,10.042857142857143,20.2266788482666,24.566191514333088,29.149924278259277,2,202
2023-07-21 03:00:00+00:00,10.685714285714287,24.566191514333088,29.149924278259277,34.42932081222534,3,202
2023-07-21 04:00:00+00:00,10.785714285714286,29.149924278259277,34.42932081222534,41.21340123812357,4,202
2023-07-21 05:00:00+00:00,13.37142857142857,34.42932081222534,41.21340123812357,48.147074381510414,5,202
2023-07-21 06:00:00+00:00,11.328571428571427,41.21340123812357,48.147074381510414,54.506668408711754,6,202
2023-07-21 07:00:00+00:00,12.37142857142857,48.147074381510414,54.506668408711754,60.244120279947914,7,202
2023-07-21 08:00:00+00:00,12.857142857142858,54.506668408711754,60.244120279947914,66.59427388509114,8,202
2023-07-21 09:00:00+00:00,11.9,60.244120279947914,66.59427388509114,71.77030976613362,9,202
2023-07-21 10:00:00+00:00,12.014285714285714,66.59427388509114,71.77030976613362,78.50337378184001,10,202
2023-07-21 11:00:00+00:00,11.357142857142858,71.77030976613362,78.50337378184001,85.8827109336853,11,202
2023-07-21 12:00:00+00:00,11.871428571428572,66.72280057271321,73.68546549479167,60.462398529052734,12,202
2023-07-21 13:00:00+00:00,12.685714285714283,73.68546549479167,60.462398529052734,41.84459630648295,13,202
2023-07-21 14:00:00+00:00,14.542857142857144,60.462398529052734,41.84459630648295,29.71051788330078,14,202
2023-07-21 15:00:00+00:00,13.814285714285715,41.84459630648295,29.71051788330078,25.507425864537556,15,202
2023-07-21 16:00:00+00:00,17.257142857142856,29.71051788330078,25.507425864537556,23.18808873494466,16,202
2023-07-21 17:00:00+00:00,16.428571428571427,25.507425864537556,23.18808873494466,21.53282928466797,17,202
2023-07-21 18:00:00+00:00,16.128571428571426,23.18808873494466,21.53282928466797,20.035935084025066,18,202
2023-07-21 19:00:00+00:00,18.58571428571429,21.53282928466797,20.035935084025066,18.979278802871704,19,202
2023-07-21 20:00:00+00:00,18.085714285714282,20.035935084025066,18.979278802871704,18.28397075335185,20,202
2023-07-21 21:00:00+00:00,16.45,18.979278802871704,18.28397075335185,17.422259251276653,21,202
2023-07-21 22:00:00+00:00,14.483333333333334,18.28397075335185,17.422259251276653,17.999462763468426,22,202
2023-07-21 23:00:00+00:00,13.700000000000001,17.422259251276653,17.999462763468426,20.189907709757488,23,202
2023-07-22 00:00:00+00:00,14.357142857142858,17.999462763468426,20.189907709757488,23.966657002766926,0,203
2023-07-22 01:00:00+00:00,12.657142857142858,20.189907709757488,23.966657002766926,28.596941471099854,1,203
2023-07-22 02:00:00+00:00,13.314285714285715,23.966657002766926,28.596941471099854,34.09660132726034,2,203
2023-07-22 03:00:00+00:00,15.77142857142857,28.596941471099854,34.09660132726034,41.00013486544291,3,203
2023-07-22 04:00:00+00:00,15.62857142857143,34.09660132726034,41.00013486544291,49.51608816782633,4,203
2023-07-22 05:00:00+00:00,15.014285714285714,41.00013486544291,49.51608816782633,58.038788398106895,5,203
2023-07-22 06:00:00+00:00,16.12857142857143,49.51608816782633,58.038788398106895,65.85756818453471,6,203
2023-07-22 07:00:00+00:00,15.928571428571427,58.038788398106895,65.85756818453471,74.41308244069417,7,203
2023-07-22 08:00:00+00:00,16.842857142857145,65.85756818453471,74.41308244069417,82.41722544034322,8,203
2023-07-22 09:00:00+00:00,15.985714285714284,74.41308244069417,82.41722544034322,90.64068110783894,9,203
2023-07-22 10:00:00+00:00,12.714285714285714,82.41722544034322,90.64068110783894,100.3008524576823,10,203
2023-07-22 11:00:00+00:00,13.528571428571427,90.64068110783894,100.3008524576823,96.90525849660237,11,203
2023-07-22 12:00:00+00:00,14.0,79.81814606984456,85.92034411430359,71.17654418945312,12,203
2023-07-22 13:00:00+00:00,15.914285714285713,85.92034411430359,71.17654418945312,50.428585847218834,13,203
2023-07-22 14:00:00+00:00,16.45714285714286,71.17654418945312,50.428585847218834,33.402792612711586,14,203
2023-07-22 15:00:00+00:00,19.45714285714286,50.428585847218834,33.402792612711586,27.966172456741333,15,203
2023-07-22 16:00:00+00:00,18.114285714285714,33.402792612711586,27.966172456741333,24.525549570719402,16,203
2023-07-22 17:00:00+00:00,19.928571428571427,27.966172456741333,24.525549570719402,21.795238494873047,17,203
2023-07-22 18:00:00+00:00,19.842857142857138,24.525549570719402,21.795238494873047,19.500342686971027,18,203
2023-07-22 19:00:00+00:00,22.342857142857145,21.795238494873047,19.500342686971027,17.70045018196106,19,203
2023-07-22 20:00:00+00:00,23.014285714285712,19.500342686971027,17.70045018196106,16.672088940938313,20,203
2023-07-22 21:00:00+00:00,20.714285714285715,17.70045018196106,16.672088940938313,16.696739037831623,21,203
2023-07-22 22:00:00+00:00,18.12857142857143,16.672088940938313,16.696739037831623,17.600598335266113,22,203
2023-07-22 23:00:00+00:00,15.4,16.696739037831623,17.600598335266113,20.097540696461994,23,203
2023-07-23 00:00:00+00:00,13.657142857142857,17.600598335266113,20.097540696461994,24.264066219329834,0,204
2023-07-23 01:00:00+00:00,14.828571428571427,20.097540696461994,24.264066219329834,28.874613364537556,1,204
2023-07-23 02:00:00+00:00,10.957142857142857,24.264066219329834,28.874613364537556,33.61651738484701,2,204
2023-07-23 03:00:00+00:00,10.157142857142857,28.874613364537556,33.61651738484701,38.727012634277344,3,204
2023-07-23 04:00:00+00:00,11.128571428571428,33.61651738484701,38.727012634277344,43.718546628952026,4,204
2023-07-23 05:00:00+00:00,10.771428571428572,38.727012634277344,43.718546628952026,48.79287528991699,5,204
2023-07-23 06:00:00+00:00,13.614285714285716,43.718546628952026,48.79287528991699,53.74737294514974,6,204
2023-07-23 07:00:00+00:00,10.057142857142859,48.79287528991699,53.74737294514974,58.93451189994812,7,204
2023-07-23 08:00:00+00:00,10.157142857142857,53.74737294514974,58.93451189994812,63.8608345190684,8,204
2023-07-23 09:00:00+00:00,11.585714285714285,58.93451189994812,63.8608345190684,69.11262106895447,9,204
2023-07-23 10:00:00+00:00,12.37142857142857,63.8608345190684,69.11262106895447,74.99901469548543,10,204
2023-07-23 11:00:00+00:00,12.657142857142857,69.11262106895447,74.99901469548543,80.61691157023112,11,204
2023-07-23 12:00:00+00:00,12.042857142857143,72.7158743540446,64.8301607767741,45.624432722727455,12,204
2023-07-23 13:00:00+00:00,12.071428571428571,64.8301607767741,45.624432722727455,31.13518174489339,13,204
2023-07-23 14:00:00+00:00,12.042857142857143,45.624432722727455,31.13518174489339,22.8468755086263,14,204
2023-07-23 15:00:00+00:00,15.242857142857144,31.13518174489339,22.8468755086263,19.677069584528606,15,204
2023-07-23 16:00:00+00:00,13.828571428571431,22.8468755086263,19.677069584528606,17.608891487121582,16,204
2023-07-23 17:00:00+00:00,14.342857142857142,19.677069584528606,17.608891487121582,15.900166988372803,17,204
2023-07-23 18:00:00+00:00,15.12857142857143,17.608891487121582,15.900166988372803,14.384660085042318,18,204
2023-07-23 19:00:00+00:00,15.1,15.900166988372803,14.384660085042318,13.05198860168457,19,204
2023-07-23 20:00:00+00:00,17.3,14.384660085042318,13.05198860168457,12.164601643880209,20,204
2023-07-23 21:00:00+00:00,16.44285714285714,13.05198860168457,12.164601643880209,11.81800619761149,21,204
2023-07-23 22:00:00+00:00,17.342857142857145,12.164601643880209,11.81800619761149,12.19632879892985,22,204
2023-07-23 23:00:00+00:00,16.65714285714286,11.81800619761149,12.19632879892985,14.15184466044108,23,204
2023-07-24 00:00:00+00:00,15.542857142857143,12.19632879892985,14.15184466044108,16.775055567423504,0,205
2023-07-24 01:00:00+00:00,15.557142857142855,14.15184466044108,16.775055567423504,19.964895009994507,1,205
2023-07-24 02:00:00+00:00,15.357142857142858,16.775055567423504,19.964895009994507,23.642577091852825,2,205
2023-07-24 03:00:00+00:00,14.828571428571427,19.964895009994507,23.642577091852825,27.834484100341797,3,205
2023-07-24 04:00:00+00:00,13.085714285714285,23.642577091852825,27.834484100341797,32.40655851364136,4,205
2023-07-24 05:00:00+00:00,11.328571428571427,27.834484100341797,32.40655851364136,37.11818504333496,5,205
2023-07-24 06:00:00+00:00,12.7,32.40655851364136,37.11818504333496,41.8909326394399,6,205
2023-07-24 07:00:00+00:00,11.671428571428573,37.11818504333496,41.8909326394399,47.481038411458336,7,205
2023-07-24 08:00:00+00:00,12.028571428571427,41.8909326394399,47.481038411458336,52.42271161079407,8,205
2023-07-24 09:00:00+00:00,10.37142857142857,47.481038411458336,52.42271161079407,56.378503958384194,9,205
2023-07-24 10:00:00+00:00,11.742857142857144,52.42271161079407,56.378503958384194,62.32890319824219,10,205
2023-07-24 11:00:00+00:00,12.37142857142857,56.378503958384194,62.32890319824219,54.69248263041178,11,205
2023-07-24 12:00:00+00:00,12.814285714285713,89.99904274940491,84.73371402422588,56.64015499750773,12,205
2023-07-24 13:00:00+00:00,13.342857142857143,84.73371402422588,56.64015499750773,37.747448762257896,13,205
2023-07-24 14:00:00+00:00,15.828571428571431,56.64015499750773,37.747448762257896,22.601746877034504,14,205
2023-07-24 15:00:00+00:00,17.12857142857143,37.747448762257896,22.601746877034504,16.522507905960083,15,205
2023-07-24 16:00:00+00:00,18.9,22.601746877034504,16.522507905960083,14.217317660649618,16,205
2023-07-24 17:00:00+00:00,18.62857142857143,16.522507905960083,14.217317660649618,12.709827661514282,17,205
2023-07-24 18:00:00+00:00,19.61428571428571,14.217317660649618,12.709827661514282,11.3822793563207,18,205
2023-07-24 19:00:00+00:00,19.528571428571432,12.709827661514282,11.3822793563207,10.41351572672526,19,205
2023-07-24 20:00:00+00:00,18.642857142857142,11.3822793563207,10.41351572672526,9.794338544209799,20,205
2023-07-24 21:00:00+00:00,16.942857142857147,10.41351572672526,9.794338544209799,9.472626050313314,21,205
2023-07-24 22:00:00+00:00,15.000000000000002,9.794338544209799,9.472626050313314,10.216577808062235,22,205
2023-07-24 23:00:00+00:00,13.285714285714286,9.472626050313314,10.216577808062235,12.810918172200521,23,205
2023-07-25 00:00:00+00:00,15.057142857142855,10.216577808062235,12.810918172200521,16.571683247884113,0,206
2023-07-25 01:00:00+00:00,13.671428571428569,12.810918172200521,16.571683247884113,20.76443894704183,1,206
2023-07-25 02:00:00+00:00,14.985714285714284,16.571683247884113,20.76443894704183,25.466940720876057,2,206
2023-07-25 03:00:00+00:00,14.142857142857142,20.76443894704183,25.466940720876057,30.14878050486247,3,206
2023-07-25 04:00:00+00:00,14.12857142857143,25.466940720876057,30.14878050486247,35.405110677083336,4,206
2023-07-25 05:00:00+00:00,13.042857142857143,30.14878050486247,35.405110677083336,40.546433448791504,5,206
2023-07-25 06:00:00+00:00,13.614285714285716,35.405110677083336,40.546433448791504,45.90772040685018,6,206
2023-07-25 07:00:00+00:00,11.842857142857143,40.546433448791504,45.90772040685018,51.6795072555542,7,206
2023-07-25 08:00:00+00:00,12.071428571428571,45.90772040685018,51.6795072555542,57.113924741744995,8,206
2023-07-25 09:00:00+00:00,12.128571428571428,51.6795072555542,57.113924741744995,62.74609120686849,9,206
2023-07-25 10:00:00+00:00,12.585714285714285,57.113924741744995,62.74609120686849,69.49295870463054,10,206
2023-07-25 11:00:00+00:00,10.842857142857142,62.74609120686849,69.49295870463054,73.80342602729797,11,206
2023-07-25 12:00:00+00:00,11.299999999999999,65.13889106114705,68.76584053039551,48.27355448404948,12,206
2023-07-25 13:00:00+00:00,12.814285714285713,68.76584053039551,48.27355448404948,34.81976064046224,13,206
2023-07-25 14:00:00+00:00,14.0,48.27355448404948,34.81976064046224,26.25794855753581,14,206
2023-07-25 15:00:00+00:00,13.714285714285714,34.81976064046224,26.25794855753581,19.95581849416097,15,206
2023-07-25 16:00:00+00:00,17.057142857142857,26.25794855753581,19.95581849416097,17.555479288101196,16,206
2023-07-25 17:00:00+00:00,20.428571428571427,19.95581849416097,17.555479288101196,15.688238779703775,17,206
2023-07-25 18:00:00+00:00,17.07142857142857,17.555479288101196,15.688238779703775,13.913843154907227,18,206
2023-07-25 19:00:00+00:00,16.87142857142857,15.688238779703775,13.913843154907227,12.366686264673868,19,206
2023-07-25 20:00:00+00:00,18.099999999999998,13.913843154907227,12.366686264673868,11.242180824279785,20,206
2023-07-25 21:00:00+00:00,16.685714285714287,12.366686264673868,11.242180824279785,10.992436408996582,21,206
2023-07-25 22:00:00+00:00,16.32857142857143,11.242180824279785,10.992436408996582,11.261488914489746,22,206
2023-07-25 23:00:00+00:00,13.914285714285713,10.992436408996582,11.261488914489746,13.237281799316406,23,206
2023-07-26 00:00:00+00:00,11.942857142857145,11.261488914489746,13.237281799316406,16.269946654637653,0,207
2023-07-26 01:00:00+00:00,11.9,13.237281799316406,16.269946654637653,20.316383282343548,1,207
2023-07-26 02:00:00+00:00,11.442857142857141,16.269946654637653,20.316383282343548,25.37434681256612,2,207
2023-07-26 03:00:00+00:00,10.72857142857143,20.316383282343548,25.37434681256612,30.876910010973614,3,207
2023-07-26 04:00:00+00:00,10.3,25.37434681256612,30.876910010973614,36.886210123697914,4,207
2023-07-26 05:00:00+00:00,10.885714285714286,30.876910010973614,36.886210123697914,43.0395450592041,5,207
2023-07-26 06:00:00+00:00,11.457142857142859,36.886210123697914,43.0395450592041,49.63342301050822,6,207
2023-07-26 07:00:00+00:00,12.742857142857142,43.0395450592041,49.63342301050822,55.54549400011698,7,207
2023-07-26 08:00:00+00:00,11.885714285714286,49.63342301050822,55.54549400011698,60.99829292297363,8,207
2023-07-26 09:00:00+00:00,10.028571428571428,55.54549400011698,60.99829292297363,66.18629209200542,9,207
2023-07-26 10:00:00+00:00,10.828571428571427,60.99829292297363,66.18629209200542,73.41628011067708,10,207
2023-07-26 11:00:00+00:00,10.87142857142857,66.18629209200542,73.41628011067708,59.39708646138509,11,207
2023-07-26 12:00:00+00:00,12.2,63.711514472961426,57.272257566452026,34.95959711074829,12,207
2023-07-26 13:00:00+00:00,10.657142857142857,57.272257566452026,34.95959711074829,22.311379591623943,13,207
2023-07-26 14:00:00+00:00,13.87142857142857,34.95959711074829,22.311379591623943,17.11265246073405,14,207
2023-07-26 15:00:00+00:00,13.25,22.311379591623943,17.11265246073405,14.630165775616964,15,207
2023-07-26 16:00:00+00:00,14.433333333333332,17.11265246073405,14.630165775616964,12.914368073145548,16,207
2023-07-26 17:00:00+00:00,16.116666666666667,14.630165775616964,12.914368073145548,11.58261744181315,17,207
2023-07-26 18:00:00+00:00,15.271428571428572,12.914368073145548,11.58261744181315,10.163802146911621,18,207
2023-07-26 19:00:00+00:00,13.342857142857142,11.58261744181315,10.163802146911621,8.90531857808431,19,207
2023-07-26 20:00:00+00:00,12.814285714285715,10.163802146911621,8.90531857808431,8.111198663711548,20,207
2023-07-26 21:00:00+00:00,11.1,8.90531857808431,8.111198663711548,7.735779762268066,21,207
2023-07-26 22:00:00+00:00,12.614285714285714,8.111198663711548,7.735779762268066,8.05072029431661,22,207
2023-07-26 23:00:00+00:00,10.857142857142858,7.735779762268066,8.05072029431661,10.059859116872152,23,207
2023-07-27 00:00:00+00:00,9.942857142857141,8.05072029431661,10.059859116872152,13.00386110941569,0,208
2023-07-27 01:00:00+00:00,9.9,10.059859116872152,13.00386110941569,16.458619435628254,1,208
2023-07-27 02:00:00+00:00,11.028571428571428,13.00386110941569,16.458619435628254,20.425915718078613,2,208
2023-07-27 03:00:00+00:00,11.314285714285713,16.458619435628254,20.425915718078613,24.57034941514333,3,208
2023-07-27 04:00:00+00:00,10.942857142857141,20.425915718078613,24.57034941514333,28.493614554405212,4,208
2023-07-27 05:00:00+00:00,13.942857142857145,24.57034941514333,28.493614554405212,32.02373504638672,5,208
2023-07-27 06:00:00+00:00,12.599999999999998,28.493614554405212,32.02373504638672,35.459580739339195,6,208
2023-07-27 07:00:00+00:00,13.642857142857142,32.02373504638672,35.459580739339195,39.53625241915385,7,208
2023-07-27 08:00:00+00:00,11.742857142857144,35.459580739339195,39.53625241915385,44.06114387512207,8,208
2023-07-27 09:00:00+00:00,10.842857142857143,39.53625241915385,44.06114387512207,49.0086669921875,9,208
2023-07-27 10:00:00+00:00,11.471428571428573,44.06114387512207,49.0086669921875,55.12395524978638,10,208
2023-07-27 11:00:00+00:00,11.714285714285714,49.0086669921875,55.12395524978638,47.52429954210917,11,208
2023-07-27 12:00:00+00:00,11.257142857142856,68.59347287813823,63.59753894805908,40.52641534805298,12,208
2023-07-27 13:00:00+00:00,13.028571428571428,63.59753894805908,40.52641534805298,27.230440775553387,13,208
2023-07-27 14:00:00+00:00,13.62857142857143,40.52641534805298,27.230440775553387,18.272772034009297,14,208
2023-07-27 15:00:00+00:00,15.485714285714284,27.230440775553387,18.272772034009297,14.776680628458658,15,208
2023-07-27 16:00:00+00:00,15.9,18.272772034009297,14.776680628458658,14.017869909604391,16,208
2023-07-27 17:00:00+00:00,16.53333333333333,14.776680628458658,14.017869909604391,12.838761727015177,17,208
2023-07-27 18:00:00+00:00,16.328571428571426,14.017869909604391,12.838761727015177,11.8299081325531,18,208
2023-07-27 19:00:00+00:00,17.985714285714284,12.838761727015177,11.8299081325531,10.96710753440857,19,208
2023-07-27 20:00:00+00:00,18.400000000000002,11.8299081325531,10.96710753440857,10.274437506993612,20,208
2023-07-27 21:00:00+00:00,17.77142857142857,10.96710753440857,10.274437506993612,9.838329315185547,21,208
2023-07-27 22:00:00+00:00,17.22857142857143,10.274437506993612,9.838329315185547,10.24513308207194,22,208
2023-07-27 23:00:00+00:00,15.057142857142855,9.838329315185547,10.24513308207194,12.538286765416464,23,208
2023-07-28 00:00:00+00:00,12.857142857142858,10.24513308207194,12.538286765416464,16.32664163907369,0,209
2023-07-28 01:00:00+00:00,13.171428571428569,12.538286765416464,16.32664163907369,21.785503307978313,1,209
2023-07-28 02:00:00+00:00,12.971428571428572,16.32664163907369,21.785503307978313,28.80073602994283,2,209
2023-07-28 03:00:00+00:00,12.657142857142855,21.785503307978313,28.80073602994283,37.46181027094523,3,209
2023-07-28 04:00:00+00:00,10.828571428571427,28.80073602994283,37.46181027094523,46.89339939753214,4,209
2023-07-28 05:00:00+00:00,11.857142857142858,37.46181027094523,46.89339939753214,55.569488525390625,5,209
2023-07-28 06:00:00+00:00,11.799999999999999,46.89339939753214,55.569488525390625,62.856895446777344,6,209
2023-07-28 07:00:00+00:00,11.514285714285714,55.569488525390625,62.856895446777344,69.62160205841064,7,209
2023-07-28 08:00:00+00:00,11.799999999999999,62.856895446777344,69.62160205841064,73.97901892662048,8,209
2023-07-28 09:00:00+00:00,11.628571428571428,69.62160205841064,73.97901892662048,78.77808157602946,9,209
2023-07-28 10:00:00+00:00,11.000000000000002,73.97901892662048,78.77808157602946,84.06230147679646,10,209
2023-07-28 11:00:00+00:00,11.328571428571426,78.77808157602946,84.06230147679646,81.92037010192871,11,209
2023-07-28 12:00:00+00:00,10.414285714285715,63.13013903299967,63.51687105496725,44.537172158559166,12,209
2023-07-28 13:00:00+00:00,11.742857142857144,63.51687105496725,44.537172158559166,32.63860034942627,13,209
2023-07-28 14:00:00+00:00,15.028571428571427,44.537172158559166,32.63860034942627,24.5876948038737,14,209
2023-07-28 15:00:00+00:00,16.699999999999996,32.63860034942627,24.5876948038737,17.132517496744793,15,209
2023-07-28 16:00:00+00:00,17.8,24.5876948038737,17.132517496744793,14.77304975191752,16,209
2023-07-28 17:00:00+00:00,18.614285714285717,17.132517496744793,14.77304975191752,13.610761006673178,17,209
2023-07-28 18:00:00+00:00,19.742857142857144,14.77304975191752,13.610761006673178,12.655584494272867,18,209
2023-07-28 19:00:00+00:00,19.142857142857142,13.610761006673178,12.655584494272867,11.836981773376465,19,209
2023-07-28 20:00:00+00:00,16.414285714285715,12.655584494272867,11.836981773376465,11.123063087463379,20,209
2023-07-28 21:00:00+00:00,16.099999999999998,11.836981773376465,11.123063087463379,10.831782658894857,21,209
2023-07-28 22:00:00+00:00,15.042857142857141,11.123063087463379,10.831782658894857,10.650624910990397,22,209
2023-07-28 23:00:00+00:00,15.457142857142857,10.831782658894857,10.650624910990397,12.591570536295572,23,209
2023-07-29 00:00:00+00:00,14.957142857142856,10.650624910990397,12.591570536295572,16.56784661610921,0,210
2023-07-29 01:00:00+00:00,13.9,12.591570536295572,16.56784661610921,22.11383295059204,1,210
2023-07-29 02:00:00+00:00,14.614285714285714,16.56784661610921,22.11383295059204,27.832703987757366,2,210
2023-07-29 03:00:00+00:00,15.27142857142857,22.11383295059204,27.832703987757366,33.43957368532816,3,210
2023-07-29 04:00:00+00:00,14.957142857142856,27.832703987757366,33.43957368532816,38.680792490641274,4,210
2023-07-29 05:00:00+00:00,13.471428571428573,33.43957368532816,38.680792490641274,43.18467473983765,5,210
2023-07-29 06:00:00+00:00,14.157142857142857,38.680792490641274,43.18467473983765,47.55502839883169,6,210
2023-07-29 07:00:00+00:00,15.542857142857143,43.18467473983765,47.55502839883169,52.13701363404592,7,210
2023-07-29 08:00:00+00:00,18.728571428571428,47.55502839883169,52.13701363404592,57.00313866138458,8,210
2023-07-29 09:00:00+00:00,16.97142857142857,52.13701363404592,57.00313866138458,61.89008076985677,9,210
2023-07-29 10:00:00+00:00,15.714285714285714,57.00313866138458,61.89008076985677,67.92498238881429,10,210
2023-07-29 11:00:00+00:00,16.02857142857143,61.89008076985677,67.92498238881429,67.16978478431702,11,210
2023-07-29 12:00:00+00:00,14.557142857142855,71.38675288359325,68.07555484771729,47.777266343434654,12,210
2023-07-29 13:00:00+00:00,12.671428571428573,68.07555484771729,47.777266343434654,33.36601583162943,13,210
2023-07-29 14:00:00+00:00,16.685714285714287,47.777266343434654,33.36601583162943,23.711203177769978,14,210
2023-07-29 15:00:00+00:00,20.5,33.36601583162943,23.711203177769978,18.128185510635376,15,210
2023-07-29 16:00:00+00:00,21.38571428571429,23.711203177769978,18.128185510635376,15.680225531260172,16,210
2023-07-29 17:00:00+00:00,20.8,18.128185510635376,15.680225531260172,13.750013987223307,17,210
2023-07-29 18:00:00+00:00,22.17142857142857,15.680225531260172,13.750013987223307,12.28181521097819,18,210
2023-07-29 19:00:00+00:00,22.21428571428572,13.750013987223307,12.28181521097819,10.925896724065145,19,210
2023-07-29 20:00:00+00:00,18.014285714285716,12.28181521097819,10.925896724065145,9.971242109934488,20,210
2023-07-29 21:00:00+00:00,20.771428571428572,10.925896724065145,9.971242109934488,9.114116032918295,21,210
2023-07-29 22:00:00+00:00,18.8,9.971242109934488,9.114116032918295,9.064403732617697,22,210
2023-07-29 23:00:00+00:00,19.285714285714285,9.114116032918295,9.064403732617697,10.664854685465494,23,210
2023-07-30 00:00:00+00:00,17.957142857142856,9.064403732617697,10.664854685465494,13.469531297683716,0,211
2023-07-30 01:00:00+00:00,16.885714285714283,10.664854685465494,13.469531297683716,16.740536292394,1,211
2023-07-30 02:00:00+00:00,19.414285714285715,13.469531297683716,16.740536292394,20.58026345570882,2,211
2023-07-30 03:00:00+00:00,16.257142857142856,16.740536292394,20.58026345570882,24.772225697835285,3,211
2023-07-30 04:00:00+00:00,16.928571428571427,20.58026345570882,24.772225697835285,28.906168619791668,4,211
2023-07-30 05:00:00+00:00,19.599999999999998,24.772225697835285,28.906168619791668,33.13820389906565,5,211
2023-07-30 06:00:00+00:00,18.414285714285715,28.906168619791668,33.13820389906565,37.236865838368736,6,211
2023-07-30 07:00:00+00:00,17.642857142857142,33.13820389906565,37.236865838368736,41.419288992881775,7,211
2023-07-30 08:00:00+00:00,17.142857142857142,37.236865838368736,41.419288992881775,45.80000571409861,8,211
2023-07-30 09:00:00+00:00,15.757142857142858,41.419288992881775,45.80000571409861,51.01846583684286,9,211
2023-07-30 10:00:00+00:00,14.657142857142857,45.80000571409861,51.01846583684286,56.3269735177358,10,211
2023-07-30 11:00:00+00:00,12.685714285714285,51.01846583684286,56.3269735177358,53.79958097139994,11,211
2023-07-30 12:00:00+00:00,13.999999999999998,27.456229209899902,25.49827988942464,20.372300187746685,12,211
2023-07-30 13:00:00+00:00,15.585714285714285,25.49827988942464,20.372300187746685,16.474942525227863,13,211
2023-07-30 14:00:00+00:00,18.542857142857144,20.372300187746685,16.474942525227863,13.510451714197794,14,211
2023-07-30 15:00:00+00:00,19.285714285714285,16.474942525227863,13.510451714197794,11.509976228078207,15,211
2023-07-30 16:00:00+00:00,18.95714285714286,13.510451714197794,11.509976228078207,10.908591985702515,16,211
2023-07-30 17:00:00+00:00,17.214285714285715,11.509976228078207,10.908591985702515,10.422876040140787,17,211
2023-07-30 18:00:00+00:00,14.7,10.908591985702515,10.422876040140787,10.164607683817545,18,211
2023-07-30 19:00:00+00:00,15.385714285714284,10.422876040140787,10.164607683817545,9.877067883809408,19,211
2023-07-30 20:00:00+00:00,17.585714285714285,10.164607683817545,9.877067883809408,9.698057850201925,20,211
2023-07-30 21:00:00+00:00,15.114285714285712,9.877067883809408,9.698057850201925,9.43035888671875,21,211
2023-07-30 22:00:00+00:00,16.685714285714287,9.698057850201925,9.43035888671875,9.653822104136148,22,211
2023-07-30 23:00:00+00:00,17.928571428571427,9.43035888671875,9.653822104136148,11.458753903706869,23,211
2023-07-31 00:00:00+00:00,16.67142857142857,9.653822104136148,11.458753903706869,14.607535600662231,0,212
2023-07-31 01:00:00+00:00,16.34285714285714,11.458753903706869,14.607535600662231,18.51939833164215,1,212
2023-07-31 02:00:00+00:00,18.542857142857144,14.607535600662231,18.51939833164215,22.88568349679311,2,212
2023-07-31 03:00:00+00:00,17.214285714285715,18.51939833164215,22.88568349679311,27.554378509521484,3,212
2023-07-31 04:00:00+00:00,15.957142857142857,22.88568349679311,27.554378509521484,32.41807746887207,4,212
2023-07-31 05:00:00+00:00,16.928571428571427,27.554378509521484,32.41807746887207,36.93821477890015,5,212
2023-07-31 06:00:00+00:00,16.34285714285714,32.41807746887207,36.93821477890015,41.25913699467977,6,212
2023-07-31 07:00:00+00:00,17.071428571428573,36.93821477890015,41.25913699467977,45.67630195617676,7,212
2023-07-31 08:00:00+00:00,16.014285714285712,41.25913699467977,45.67630195617676,50.65886680285136,8,212
2023-07-31 09:00:00+00:00,14.128571428571428,45.67630195617676,50.65886680285136,56.23114037513733,9,212
2023-07-31 10:00:00+00:00,13.842857142857143,50.65886680285136,56.23114037513733,62.333292961120605,10,212
2023-07-31 11:00:00+00:00,15.028571428571427,56.23114037513733,62.333292961120605,49.70759884516398,11,212
2023-07-31 12:00:00+00:00,14.371428571428572,82.1066738764445,67.55955346425374,39.02079757054647,12,212
2023-07-31 13:00:00+00:00,13.714285714285714,67.55955346425374,39.02079757054647,19.702276865641277,13,212
2023-07-31 14:00:00+00:00,15.7,39.02079757054647,19.702276865641277,14.598716735839844,14,212
2023-07-31 15:00:00+00:00,16.357142857142858,19.702276865641277,14.598716735839844,13.44650395711263,15,212
2023-07-31 16:00:00+00:00,16.7,14.598716735839844,13.44650395711263,12.684579213460287,16,212
2023-07-31 17:00:00+00:00,15.857142857142856,13.44650395711263,12.684579213460287,12.075416564941406,17,212
2023-07-31 18:00:00+00:00,23.75714285714286,12.684579213460287,12.075416564941406,11.385746598243713,18,212
2023-07-31 19:00:00+00:00,25.95714285714286,12.075416564941406,11.385746598243713,10.476114908854166,19,212
2023-07-31 20:00:00+00:00,24.357142857142858,11.385746598243713,10.476114908854166,9.68036131064097,20,212
2023-07-31 21:00:00+00:00,17.128571428571426,10.476114908854166,9.68036131064097,9.143009305000305,21,212
2023-07-31 22:00:00+00:00,15.14285714285714,9.68036131064097,9.143009305000305,9.096798062324524,22,212
2023-07-31 23:00:00+00:00,13.857142857142858,9.143009305000305,9.096798062324524,10.340659459431967,23,212
